..66-

sangoinis, Sere, 86161, 1161661, 616661 66 116161
6661 6166 61616166 66 16666666 166666 661 1166161166
66666 6616 (66166616 66 16116 6616116 qne 6661 6661(
deson 6166 grand eage, 661 16 66161116 66666116
trouveras 66666 16666661( 61666 6666666611 161616.
1661661616, 6661 116666161166116611661 61666161
· 166666 66 1666666, (66666 ’16 1611166 66 61666166
66116666 16116, 66166 (6611 666 16161 66666116
sortes (1). 6

Ques 66166616666111 leges 6611616666 Gratiano

, 616166166 661.

11611616 161666 et 666166 regalis (66661661 66661616-
1161, 66 61666616611166161 qnod 8161161166 6666661
verbi 611666, 16 16161666 quinus 666616 (61111161
1666111, 666 janr intellegit. 611 eninr : (16161666
661 666166 6166 graveque 661 666 precedens, 6661
66 666 66 666 origine s'addressoit 661 6116666 61 ne,
‘ 116111611666 (66116166 graves 61 dignes 66 16161116
6’66 roy (2)... 16616 16116 6111616666 6 6 116611616
666611666161 16 narone eornme entre le 1666666 61
’ 161116161,66116 611661 16661 6661 66116 611666 qn'nne
6616666616166166116 1661666 commune en nombre

de 66661616 61 66 6161116 66 (6611616. rossi 66666116 o

’1161166116661 66 6616 6166616116 66 6 66666 66 66-
61666661 61 (6616616 (6611 6’666611166166116 6116616
qne devant 1661666, 66 6661· 66666 161116111616661
16 66 66 611661 16661 666166116 66666 6666161166

(6 n. (66.
611. ((6.

 

